5172
374
7636
2998
8914
8686
3126
8908
8175
5135
2787
9142
5407
7863
3335
3681
707
8180
8117
5370
2229
1472
7880
5566
3041
1194
2790
4109
2442
2383
6929
3462
9275
7469
5097
4974
4331
4282
2041
9101
741
6342
9244
9905
1304
9735
4021
3952
1565
4223
6481
2725
7391
9139
4965
624
4553
8897
9596
3209
4037
4861
775
8582
4812
7262
9092
4754
8816
2077
1817
3271
9291
5887
8707
6975
463
3921
7102
7354
5065
8569
2584
9460
6523
1738
3890
4426
1447
3069
1853
1165
137
3224
3486
5062
2955
8165
4977
8401
6838
385
8538
9065
555
3942
9483
1184
1220
8729
5518
2637
8895
2871
3201
6721
5438
6192
9359
2537
1224
1551
4290
1928
8385
7244
45
7812
1230
6025
4661
581
2798
4067
1714
6924
5016
5717
8691
3106
9627
7065
5193
1757
272
9589
4618
9889
4240
8151
3792
1698
8576
702
3740
8436
8499
3481
9502
8668
2530
5621
1337
1806
889
9849
9494
4743
1156
7991
6138
9231
579
6597
8723
9095
5752
7504
2491
8634
547
3921
781
3023
7817
8002
71
2560
2015
4850
5658
7421
2753
5716
9601
8765
3357
2802
854
7224
8826
124
790
9686
3426
869
3934
9788
4338
976
5363
8499
9089
9334
2702
2541
3503
3655
2243
3531
6754
9151
4109
1473
4886
2065
3043
5792
2903
547
3982
8699
6186
2244
4903
9357
7178
4962
6036
6281
5761
7373
3894
9269
9320
1268
5553
5670
8222
2325
5953
7525
8310
6116
8988
4499
9487
9999
2104
1069
7207
378
3007
8275
3804
1930
7514
5047
1398
3400
3982
4755
4294
4305
8446
8316
6720
5379
6030
3016
8013
5424
8528
6469
6477
5921
1707
9005
1338
8550
4723
2260
7373
8492
3750
1722
8565
7737
7030
257
4803
7791
4838
4673
8274
5904
1084
3969
9027
4418
1503
3448
9184
6954
6484
5045
5565
3278
8280
9717
5523
5775
7394
577
9381
4415
9736
8980
9077
6756
8363
7919
8905
6695
1550
1085
8728
3121
892
7183
1273
149
7100
3367
3330
9790
2892
6405
8746
3908
2354
5378
2193
4259
5143
5150
6992
3421
4772
313
2117
7719
9446
8497
793
464
6727
8815
5662
8564
7594
525
5077
5033
9138
1303
7228
8426
5870
5029
6446
6243
730
5081
9377
4625
341
2149
596
8946
2708
5827
2358
6925
4186
5225
4914
9006
4093
6727
2845
675
6312
6081
3011
611
5214
7179
8142
3414
798
3564
7911
8407
1891
2527
1431
7990
3037
1919
3965
8068
4061
2445
8448
4326
5963
6618
829
2249
3890
7463
1433
5660
3990
9615
1647
4710
7468
3822
7325
8787
6971
6605
828
1961
5758
6234
3007
3207
6819
6494
4679
4356
1397
3348
5020
6240
706
5059
6786
2519
4818
5949
1729
655
7381
6430
9267
8523
4091
3901
7255
6406
866
6034
5354
3964
7095
3894
1217
4842
7960
9994
3936
7757
2411
9702
6660
6816
5193
4045
9320
7684
790
2873
3272
1644
909
6303
5349
6950
6850
4557
9093
8096
5096
274
5465
3964
2061
3228
6569
4597
6687
4147
8133
1918
8248
7350
3869
3079
2635
5965
6139
9792
3562
7452
427
6279
3187
7667
177
541
737
9333
4788
5622
5466
231
9191
5650
397
5697
6791
4182
885
2190
260
5300
4474
3602
1665
9988
6197
6837
5531
3115
2021
5051
9346
9802
1254
5739
3123
6910
9564
3960
8742
4173
3983
8974
2596
2431
6671
6635
1797
5303
2874
1606
2453
8160
4054
7554
9662
252
7734
4764
625
862
9824
5533
9139
6006
8077
789
7693
7633
5963
9198
4350
1009
9875
9730
402
6550
1785
2437
8601
9689
900
2367
4728
9366
7432
3425
6092
1562
8355
5887
287
6105
5956
8642
3190
8765
3828
2106
6233
6402
1376
7629
9373
1170
7952
4390
8848
1935
7573
4597
3959
9906
5933
1898
9670
1863
9559
5157
922
1048
2934
1515
5229
1952
329
4655
9601
6682
5935
4204
3945
6064
1440
6221
5308
3759
8843
901
6852
9563
7320
3407
7560
1679
8612
2042
6399
1426
9632
8845
9692
7472
1934
6165
2273
2324
2366
2876
1384
4905
7921
4527
5657
6150
271
8716
5997
4854
8120
4427
2492
5019
5169
2007
4516
3977
558
8844
1022
4200
7512
2097
3173
2617
2029
9155
7563
6301
3248
8970
8538
484
8036
4746
1471
2947
6302
5183
7071
3114
7360
3223
7355
389
6589
5237
9056
2383
3885
4193
8023
1260
7693
4017
7884
4323
5858
9018
1638
4269
5688
8579
5363
5484
7874
6721
1192
894
3964
1
6596
2672
3780
2345
6220
2497
8902
7456
4261
8215
2285
6153
856
5396
9072
6942
5482
8497
5831
9244
8860
3073
443
4335
6351
2997
1102
2852
9969
1969
3919
9369
9626
5343
1130
6181
829
2068
9484
4289
9315
6558
9059
7606
6448
8271
7204
5623
1432
4424
3614
5985
8721
2487
9586
4557
9787
6716
4138
3737
4499
6842
4758
1101
8487
7382
2244
9726
2521
3807
9626
6460
2087
7636
5028
2617
8311
5368
4968
1405
4962
8449
5247
6299
4877
7282
8262
9077
2200
7600
6166
1688
9359
179
1141
618
8789
7938
83
4159
9778
2516
3141
7082
2619
3875
4543
1917
1530
9377
238
29
6536
9637
2413
9652
9720
7361
6432
7992
3489
9335
2165
4438
4460
9140
8674
1882
4025
7512
5204
8987
5629
1172
6396
7863
2928
2170
1516
7328
3387
4048
1402
5027
9219
8152
6131
1704
1370
8985
6321
9114
4388
8707
2547
8389
6859
283
9255
703
6138
6870
6329
8494
2246
3873
131
9884
2151
8084
4463
9994
8395
1918
4129
2260
9176
5668
9934
8613
6078
7437
1804
6052
2627
4478
3469
1813
9861
2719
3344
8791
917
9850
4175
5163
6834
9516
184
9906
4898
469
3676
8376
5355
6966
5990
3276
1159
5672
8977
9003
7657
3095
6623
7039
7237
9565
7640
8073
866
7833
8077
3180
2140
9905
2780
2602
1400
8371
3666
9117
7773
953
365
1165
7692
451
2502
1182
3849
2701
6409
6980
5625
8166
3720
9889
5496
4769
792
6988
3696
9082
3394
3655
944
8085
3947
4414
5397
5915
3897
6525
4279
3326
8885
1140
3508
2621
5903
1335
3818
4146
7571
6780
7923
3224
6288
688
7840
9128
5582
7207
7545
4163
2599
2186
8948
3140
81
3960
8438
4738
5994
1507
2168
4664
5187
2090
5527
6760
4799
1536
1043
9417
2903
2608
2473
1547
4783
6695
6785
6140
8845
150
6191
7616
7557
6097
6016
9427
7284
6342
4961
3537
2737
9445
2709
2440
1747
4343
6179
6617
823
5813
8714
7865
7973
9645
3633
8678
737
9569
9203
9910
244
9561
5488
4304
5299
1903
1312
250
411
9376
4690
1976
8352
2742
6865
1898
3379
8862
6083
1334
9631
930
6665
1251
5203
5526
651
9537
9757
7014
8140
2046
8009
8564
373
9370
5928
44
6669
1949
1230
7635
1334
8361
9688
1352
8134
662
4413
8443
648
3864
6881
6919
3726
8849
6148
3454
7617
2322
6112
576
6843
5826
5766
9054
710
3132
6107
9662
2882
9560
1812
7748
5823
5478
2756
6252
5445
188
7816
6325
8535
9544
9377
3718
4259
3338
8252
7935
9963
8053
943
2903
7347
7466
6484
168
3724
4555
5638
9499
3107
5505
7318
1572
7295
3496
2287
3396
3477
1169
8343
9550
6329
5245
3962
3644
3874
9388
1572
8774
7127
3944
1322
5671
113
6949
5037
4035
8345
315
9000
5543
4856
6048
5261
6522
3361
4297
6605
9249
3664
223
6475
7948
8438
4760
9067
4625
8477
327
409
7944
6989
202
5857
1010
6546
8429
782
5014
9727
3776
8552
2355
6791
8351
7770
7681
490
7607
7308
8868
8107
4613
1484
4050
4873
9221
8232
6144
3443
7020
9083
7064
1144
6392
6608
7983
4755
5799
9488
2844
212
6800
3359
2099
6214
427
1432
5689
1987
8893
2861
758
9256
1897
8858
8149
8060
9152
8557
6669
3945
820
1104
9746
5516
281
2365
1864
2675
9548
1451
8500
7473
2129
9424
5497
2190
2205
539
3879
9117
8291
165
9686
9719
7120
6929
3615
4690
1043
4804
7844
2118
2878
9270
8098
7178
241
666
9753
42
8228
6305
8621
5522
4309
8589
4991
2271
427
8420
1028
6521
4656
3681
4367
9333
7267
8022
4217
2889
9403
7535
7755
8119
7526
7645
6163
3136
6698
2810
3822
1593
2868
6635
6678
5170
4692
9199
2427
5853
4046
5460
1052
8805
9392
223
6470
487
8351
8149
8738
7862
243
7054
5898
3733
7729
3778
8349
7466
5180
2912
5345
7593
8451
3225
7485
1645
9240
4144
65
8331
6123
4837
8079
3115
5450
5965
4732
28
4483
6761
7288
9091
366
4341
6104
3255
3957
364
5039
5552
1060
8608
3405
3485
2300
2400
2857
8390
8042
3722
3199
5973
3334
8591
2517
3369
498
1540
5371
3432
6504
6960
6479
2682
3060
6591
7768
4603
9328
2252
955
1829
7622
1892
6972
1049
6202
5479
1216
4877
1686
1040
7453
2661
2362
6243
6413
2708
1972
9333
2449
8214
1884
5060
5759
5650
2580
4286
7978
6447
5171
2751
1593
8285
7372
916
6340
5156
9069
9628
7985
4523
9734
556
6540
8253
9615
3841
131
4696
8459
7428
394
447
1471
1058
1302
2579
259
7604
3189
4926
6052
6475
6407
2968
3071
6302
4998
1153
5114
1767
2906
8109
9569
3918
87
7882
4201
88
8402
6834
6871
9682
2434
9588
8350
4776
3219
7205
4569
8400
6969
9422
5306
8734
2442
7132
6142
703
8764
6746
1993
4635
6679
1872
9414
393
4139
193
2841
3159
4422
9085
3057
5531
8060
1408
6376
5570
2834
1690
1097
766
4823
48
248
5501
6874
733
214
3605
4550
6223
1769
3946
2919
6300
9206
8093
8586
7472
6400
8720
1412
3284
5004
8679
5994
1389
6402
2513
8475
5374
9277
621
2120
3615
9904
9065
6778
8691
8967
6817
1603
8061
5725
6565
2115
1970
9650
9024
2984
9857
5817
5402
6616
6925
9655
5177
6607
4566
5456
8053
9091
8887
9984
7508
4124
9786
2782
6085
4861
3118
878
8551
3243
3994
4364
6291
9522
9246
7636
6622
9374
4093
7290
9777
7614
8833
6265
2982
8140
8752
7416
9535
5048
731
7970
5187
4116
9302
5747
6016
9411
6679
6221
4398
8149
6276
1453
6722
33
3782
5662
4359
2805
1175
3197
4531
2974
3939
6659
244
6319
5161
2670
3779
7389
5775
1289
4917
9543
2449
9007
4571
5293
731
7656
5214
960
1768
374
5316
2117
806
2813
9581
9568
2493
861
2546
7239
6040
8668
3909
3253
9417
9652
8944
9166
6159
1100
8547
2721
1884
8911
6570
7718
4663
9214
7715
6671
1485
8987
3634
7633
8192
1348
9485
7257
8326
9293
6479
131
9927
9115
4481
8543
6956
3916
5208
1534
4461
961
3430
5124
796
8443
8343
2223
1715
3578
8069
3925
5893
7529
5829
9849
8270
9885
1026
2337
9197
4210
7067
4435
9005
6936
8883
6850
6068
3472
9976
3126
8381
1621
3803
9832
895
7508
6505
8011
7310
9400
7766
1667
7660
2226
7707
7766
5220
3466
4080
2800
622
8046
6866
3500
3730
3845
1944
3488
8448
3762
6097
8886
5977
8834
2728
2756
2239
1223
8180
3279
8381
365
3047
7474
1667
3637
1991
1554
1146
2900
8920
7554
2010
0
3376
8262
2821
2544
2830
2684
7792
4786
756
6511
6742
9486
5501
4237
9113
7604
3314
4518
3106
7023
7860
184
6229
4250
5717
6170
9437
1264
4483
931
3891
2547
3862
4527
7715
6515
5590
8891
6099
359
6631
3397
7123
9972
3407
5451
6888
2628
1194
4148
3278
1018
5793
1725
4071
934
75
3330
8611
2645
6030
970
4387
69
6812
4300
6153
1694
6046
2943
2849
7790
6790
402
9011
6367
8168
7466
8422
5154
2924
3234
784
6656
8632
8114
5522
8179
1468
7387
3705
4185
2975
4841
6127
4089
1378
9866
862
220
7101
6056
2392
726
1905
9233
3085
8882
5381
5501
621
6991
4892
3824
1651
5922
6691
3996
9313
8748
4932
1465
1723
3219
6025
4514
1016
4363
5276
920
1967
8917
2967
819
1678
7290
7443
4634
3002
6596
1653
7840
909
3690
5462
3317
2387
4619
6091
7400
9326
5127
2109
1357
9952
2379
6843
6681
4320
9862
9190
45
4486
4476
7620
8479
2223
6660
1219
903
2389
648
4202
6825
2260
301
1390
2136
2222
8930
6666
7913
2683
3344
1105
1302
3046
8160
1544
1967
8011
2314
6340
3810
3697
8855
4390
5295
5835
8520
1609
8405
3627
5348
9039
8233
6184
3079
6143
409
222
3031
5402
9343
1249
3998
1533
4690
4801
1376
3199
9203
5041
1276
1770
5223
3258
7051
193
9963
2040
7412
960
8161
3511
1695
5544
4488
8997
3115
6904
8161
2546
2466
8739
7733
5605
9477
4438
675
1555
1771
4272
4659
6968
1418
4189
5587
4587
6065
1051
9097
6057
6114
2897
6236
1341
9566
4910
4572
4740
3490
1103
1131
5199
9031
4395
1466
5663
3791
1990
1053
4166
877
904
3554
5338
3561
7027
665
4442
433
8523
5594
2568
4337
784
8615
2885
4112
1131
5419
59
9431
8795
9556
2947
7939
6778
9526
1196
8679
4893
582
2512
7015
3719
4872
9102
2260
267
8664
1423
7726
4237
4094
6640
8655
2852
5474
5400
2546
6198
1117
152
512
4374
4156
9051
6155
5133
4008
3436
1333
9969
9806
557
2765
1558
9054
9235
5154
2100
4887
5691
509
8220
5407
8160
10
5763
4772
4275
6209
9972
3502
6115
473
5035
9201
9786
2624
9014
9761
8285
7888
4679
2864
5645
7699
6631
6051
965
6208
6606
7778
5812
8330
8580
4631
2719
9934
1308
9518
7608
2046
7506
5003
6049
3313
9423
9091
6005
2100
5032
5819
4005
4138
8674
601
2011
4289
1831
1248
695
1111
8820
1255
3891
7814
8709
2172
4578
3621
6973
4281
7140
6434
3217
9071
2411
4534
666
456
5701
1617
713
4845
3316
8355
7702
3258
8477
2155
6809
5545
4576
6383
7914
3757
6797
6538
2598
6360
2897
7077
8564
4914
7440
7719
6222
543
9057
6632
4583
830
608
2748
3687
1886
9430
235
4926
8768
8833
8739
2699
8653
1145
8352
7073
3826
3003
4711
7418
2474
7477
3471
5803
2197
6182
3293
1850
1484
5819
1182
2368
7286
7948
896
3046
1907
9123
3376
7148
1199
123
5755
2436
1237
9051
4990
2956
8714
7463
2827
5833
9648
2832
4646
6106
2509
6610
8326
5753
6886
7869
5751
3418
5398
7326
6321
7110
7196
555
9219
4916
5332
3663
1325
3521
8074
4208
5395
6949
6547
1989
2224
8771
2707
4443
1310
4066
4443
805
6914
1030
5836
1869
1108
5318
4717
2189
3876
4077
2607
8223
5953
8411
1532
61
2808
2277
2868
1902
8532
6436
2570
9503
2647
4974
5659
2236
4295
822
83
1428
1178
5447
9562
11
2909
9297
4355
4748
1621
3872
8778
8986
1165
7580
989
2606
8641
6988
5872
3327
8823
857
4023
1053
2346
6145
2930
751
1101
3956
4579
8966
8191
7028
8030
9639
7488
6950
7863
1161
8528
9940
2774
1587
7569
2208
8066
5120
223
6405
5766
9463
7083
5756
7809
1777
4950
3425
7518
2492
2607
7608
7849
7399
2171
1548
8627
857
5717
5293
5065
7293
1923
3987
7995
2988
711
9368
7966
3602
5204
5519
1354
2922
3900
3015
332
5152
9028
4248
9833
366
4362
9592
5030
3419
8715
8955
4359
4380
3399
7726
9982
2657
3095
1130
4209
7011
4099
7346
1846
1778
4260
501
7094
9335
2153
526
4247
5606
7924
5930
5966
5663
5311
7128
6620
7182
7309
1826
2773
3038
619
1505
9022
1156
3173
4589
83
3906
4078
1192
2527
4568
7766
4664
119
3897
1435
6732
1462
9480
1386
7862
6861
2555
2052
448
7309
9998
5938
5497
771
1401
3177
7796
9650
1617
4891
7989
8608
5397
5489
6496
7236
527
7112
235
8956
8802
6203
992
1417
2302
9937
2364
739
6895
736
7162
9464
1725
9841
4892
6671
2592
5049
9206
1712
9602
4374
6103
2487
9298
5222
5352
7331
9709
3338
256
4282
2881
631
260
7100
7694
8917
4153
4142
9473
181
4687
9773
122
9086
613
8370
1239
2611
7455
9398
9010
3525
520
4074
4130
2457
5727
2077
3957
8519
918
608
6997
4110
2747
7956
7147
2968
7172
2300
9310
8036
8443
2484
6255
5577
5872
294
7066
3838
913
8232
2373
9635
2109
565
1019
1975
9295
7939
1693
8870
5394
1974
1355
2631
3911
5977
9559
9474
9903
8784
2332
9186
5829
1555
4863
2784
7036
6938
7469
2367
8588
8685
4474
4343
2645
5316
5479
6801
4675
343
8132
5341
2431
7900
1906
6894
3632
9837
7583
3148
3167
9603
6564
2827
7823
106
7386
3078
557
4648
4174
8273
1045
9611
8870
1922
8090
9568
3973
2417
8732
8857
9771
143
1872
356
2363
5227
2150
7203
6712
4061
1325
9885
4951
8391
7635
610
8412
1739
5461
5353
5771
2900
8526
1760
3794
5139
6293
3900
7803
2498
6185
7596
4225
3416
4957
9396
5236
5875
684
9256
1480
8215
3075
5448
1034
8521
1589
1687
7947
2325
3893
2457
8248
4664
8057
6999
3422
8087
7635
9669
5004
2138
1346
8962
5706
4104
462
101
8387
8598
6883
6054
2748
7270
9273
336
3558
1384
851
4365
5033
6025
3921
6893
8316
1604
4381
8142
4310
4818
2429
484
188
9128
2735
4644
3073
4030
6582
5394
7857
808
6728
1490
276
6779
1805
4757
4367
394
5791
6026
1604
4989
4985
504
4794
6415
2921
431
5954
2616
5905
9293
9821
6949
1316
6467
4099
1653
2015
2300
8904
4329
8837
9228
7345
7121
7635
5685
4512
3023
743
3531
8819
6655
1478
3494
3885
19
3495
275
2710
5387
9072
9496
4443
9002
8649
5126
7194
5994
3851
4708
6486
9956
6555
5299
2106
9074
6099
7456
1246
114
5916
4935
1654
4157
6607
5656
8126
5724
5191
4238
3822
4147
900
4114
4489
1607
7701
653
7696
3619
9044
3173
9285
2563
7190
4945
406
2697
9338
1326
5731
6465
2832
3188
3028
592
9811
3769
760
3277
7960
214
5051
545
211
2674
710
7069
2080
9251
5685
9241
6501
4758
3916
188
3041
9388
8311
2978
1053
4608
2660
778
1292
3256
4010
4434
2220
9737
9942
9776
4778
1847
4817
701
1768
7
6979
4770
5882
2963
1192
910
453
7225
7453
7368
4271
7238
5224
4174
8388
1299
4955
879
8715
5912
5734
5017
46
7706
345
7910
2826
5579
4068
2537
9271
7302
6502
9572
1852
254
926
501
667
2989
8872
414
2186
3920
1215
8739
7563
4838
4657
7384
6703
4038
5470
651
3383
5828
3060
319
3058
649
7491
5735
1920
8591
9481
6095
4780
9150
6644
3772
9328
8777
9292
1069
7697
639
9812
1262
8363
703
568
1637
9769
9448
6219
5281
1143
2745
8840
1964
9455
7354
1182
9125
416
1323
5911
3316
3524
5193
8904
1913
6986
4952
9664
6605
1658
9634
9938
4523
1935
6308
1957
5718
2478
2441
8056
3993
6743
5038
8522
8614
4784
1716
2675
7186
5493
7522
9882
5374
6426
1315
5157
9859
2802
2068
5828
2724
2700
7167
5246
1920
9808
206
3837
8289
8752
202
6225
7263
7759
8200
1551
1210
6411
6186
4257
7501
1020
7031
245
7433
8726
236
1434
6085
1341
5482
6916
2318
8114
1049
956
7912
9563
3601
5243
5695
5359
46
7102
2359
5326
9784
3619
544
8135
1767
3506
1260
4992
1626
92
4739
1140
9438
4369
5470
6469
2246
5483
6621
7897
3726
4970
1373
6384
5605
178
5860
7142
9267
1834
21
9271
4358
7606
2387
1717
7343
9155
1289
8259
4541
1685
6018
7266
550
5234
9691
8634
6099
9087
6763
4561
624
1024
2762
6629
357
9204
4009
3536
2640
1385
5664
2073
595
5073
8440
877
2694
9772
3831
4374
821
6824
9148
8505
4457
4971
7227
1447
1579
9930
2050
4125
5739
6190
2724
1199
2740
2319
547
2229
6789
8778
4918
5954
6780
4771
6306
1192
8341
7226
3995
2452
7974
1575
4035
4754
9246
8938
8587
2629
8573
6341
2120
2800
2869
5808
282
3850
6741
371
3550
764
1206
4431
6894
2984
4472
3247
1383
4803
5896
4742
7663
8118
3040
466
8562
6607
5117
1019
2080
7487
2637
3489
3593
3047
3299
620
3051
7058
9479
5742
1186
8620
2074
4367
9702
3051
4109
2642
2810
1266
2169
7441
216
6675
6264
4998
4522
7600
4204
5209
6995
9649
987
7190
3702
639
6865
2374
5483
6404
378
2011
3760
8117
2874
7469
8788
8835
7323
6293
6684
7905
922
3507
5065
9916
2901
1805
5204
6695
9794
3623
9082
682
9149
9786
3006
777
6070
3469
6905
4161
289
6592
3833
2372
7918
2118
8783
8816
8135
6349
8809
8153
3705
9897
1810
7321
1512
959
1221
7499
6756
7473
2867
4266
3363
8246
9198
3346
1441
3485
7804
6475
3900
5610
9948
8790
2907
765
8695
5487
1455
3127
6634
7053
6827
9296
598
6499
397
8636
280
7451
7643
8248
8840
5575
5999
3294
424
1266
2163
183
8874
3634
8678
1565
6899
317
1328
7034
2945
2941
1225
5430
4058
7938
2584
4859
7562
8969
9676
2075
5175
3031
6155
7584
5661
3327
3025
1529
5950
9077
7065
5987
7009
8006
6119
8435
8758
722
3494
1099
676
7641
7713
8684
4028
6874
1813
3045
8165
3351
3567
1193
2922
5476
8335
5841
1373
9771
891
7798
3932
5114
6087
4152
5896
136
1193
8493
382
7402
3109
9965
545
9848
9339
9746
701
9308
7836
4479
979
8972
8740
3351
1514
2839
2801
6091
6393
8778
9111
261
6260
5024
1641
1103
9192
6783
5651
9586
4437
4813
3122
3769
959
2947
4028
11
2539
4200
2001
8825
5665
4756
5315
4518
3830
2076
1306
7720
5053
2800
4856
3283
7851
4282
7649
7246
676
3256
2604
2253
19
8103
2087
5342
9354
5989
9799
7873
1143
9977
1307
5758
4692
1402
5356
4324
7753
1581
2612
3842
1684
7177
8139
5196
8734
3681
6524
3009
7405
9897
2964
4472
8931
3481
6819
211
2525
2366
5888
4179
2995
5233
2513
8848
6699
7846
7484
7266
1105
6803
1430
5287
6875
4201
6213
1959
1539
4345
6813
3900
2735
6302
6654
3711
2961
3472
2200
9665
7302
4884
2797
4329
6594
6354
9890
6438
2292
1074
9179
4073
7789
721
4947
9442
9415
9245
9560
6732
2155
852
995
7352
6422
9714
7365
5754
1322
9965
8966
1197
2873
8571
4790
638
4753
1690
4122
7816
6058
4136
2619
6496
6279
4086
3427
9504
7319
4405
9242
1132
8673
6316
7155
8495
6836
4643
5761
3797
1418
5972
3865
9893
6145
6505
9038
5264
8554
1945
1872
6833
6356
7890
9320
5113
8239
7128
8340
7089
6757
2114
8191
964
9733
759
4314
821
7005
128
7182
6811
788
6694
1095
8757
8993
664
4851
4164
4698
507
5572
273
7374
1180
6474
1490
7537
4065
1568
4219
9062
6688
6181
5211
3867
7219
4645
636
8509
6759
7881
7752
7123
3765
8181
3665
55
7436
2087
3253
3406
4202
6708
4021
3327
3684
6831
3754
4196
8308
3997
4055
5212
4613
4163
1971
4375
8754
5441
954
8786
6957
9897
3185
2651
4208
7171
3086
1718
6671
5495
1719
5257
7902
3500
9096
5497
6596
7075
9856
4189
9836
4346
5225
728
9384
8528
1219
9406
6757
4558
9576
2877
2077
4986
4039
7373
1545
6586
9526
5500
3169
9263
8252
1344
8333
1998
1590
5472
9009
6175
1535
290
3841
3666
1126
2415
8303
3698
4151
8735
8523
6264
5362
9702
1634
519
5002
8786
5325
8471
3398
8908
2650
3079
6536
9981
966
9396
9614
2055
5008
9556
8175
2135
4800
1118
4426
4440
7841
2025
4460
3049
9442
1521
6424
6745
3806
4237
5274
6483
4398
8372
468
2115
4414
9623
6442
5408
1341
7368
6648
1399
3806
6622
1766
5136
6600
2082
1787
1620
4351
471
9418
8503
4070
6727
2575
7841
5290
5427
2387
2783
7421
3918
3083
3172
9181
5535
3673
5363
6116
6443
4125
1313
2210
592
4561
5297
1441
7117
2750
7711
5281
8361
2516
6959
1227
5985
5836
5339
3478
656
9546
7689
6968
7886
3585
932
856
1494
1046
2372
8546
9363
2578
3386
60
7537
313
3535
173
1527
6068
7524
9194
1360
1011
9680
8184
2237
9734
3901
2489
1217
6922
344
6863
2380
8459
7874
976
5591
1344
3783
4922
2070
254
8203
4536
135
205
9210
5013
5002
3905
639
3088
3172
2276
3853
5833
6341
4305
8852
3463
2347
7148
6431
9993
8612
8970
2439
8845
6890
6117
5660
3246
8593
4624
6976
1844
6418
9657
2282
3823
2667
5537
4783
4786
9014
3366
1778
8780
4042
3493
2882
7122
6830
3247
243
9329
769
1719
3922
4076
5495
7016
6801
2087
7611
4427
3430
3227
8277
2109
9979
6666
357
681
7762
1400
6904
718
9422
8955
9565
698
3782
5983
3806
8752
8966
2324
8638
3122
5307
8643
2408
8847
8794
901
122
3145
6547
9479
8812
4347
988
6443
5899
9018
2675
6623
6012
8205
6725
6743
3393
516
8009
9022
2794
2695
8116
5142
6007
5191
9422
3054
7023
3101
7202
263
8297
2734
8036
9620
606
684
3212
5130
184
7381
5426
8249
1201
723
843
341
4370
6149
5166
3975
7115
3507
8723
2948
8783
4405
7086
3928
6689
4569
6600
6538
9328
4545
134
733
9856
4114
2982
3194
871
6169
4243
4906
6763
3725
2796
9923
459
6329
4961
334
1317
537
902
3300
8436
253
5343
8338
5710
8867
9777
2540
3357
596
1810
3643
6214
5649
8282
1890
5374
8416
9761
7811
3991
9621
796
3590
8876
1217
4393
9846
2890
6502
6746
1081
9480
6301
1468
9275
7057
1231
7819
4265
4499
4188
4359
3704
5900
1212
1497
681
2858
1812
280
343
7644
7014
8662
514
793
404
5487
6955
7146
3165
5902
596
5720
5892
8403
9719
4344
413
9820
6899
1647
7435
335
1711
4832
9489
2360
9022
2777
8836
9490
8715
352
6165
8566
6185
5372
7629
6409
5203
2326
2568
7925
9508
8741
1496
7298
102
6417
315
1618
7382
3470
4455
3835
3570
3217
862
9425
3584
121
2834
6049
5993
7374
4651
4469
7629
64
5335
6230
7398
549
7155
1542
3387
1221
3615
4446
5405
9647
8383
9503
8561
4090
3894
1355
585
1427
1879
3153
6661
3525
3694
7439
2427
6476
3243
4819
8438
6275
1493
1027
6391
3529
7897
6951
5109
6810
5740
7897
663
6319
733
2855
1028
2628
8751
7527
7892
1816
8348
1692
72
5155
5641
1590
9046
9643
7673
834
398
1676
8304
8123
914
4444
4853
6189
4600
6292
8900
6695
5829
1163
3865
8458
471
6568
6809
6825
857
3617
1017
776
5280
8777
2401
1582
4942
3236
4627
9876
9082
5022
2313
1684
9290
4676
9595
6382
6928
6618
3948
496
9001
6116
6476
3205
2557
7829
8724
1942
6092
989
1985
6872
6310
6160
1643
3277
435
8002
1589
4633
9248
4549
9137
7155
5393
2505
5626
8577
1626
5495
5996
172
5427
6148
2071
2696
1267
562
2981
6463
9966
8270
4400
6736
9349
9555
8348
7725
7517
3215
6694
2727
437
4047
6996
3346
1727
3732
4542
599
2916
5679
7412
6450
417
9463
2935
951
1686
4664
3409
6594
496
3901
9654
2086
3501
1873
7419
425
218
6632
8490
579
2111
9887
5440
3089
8265
5258
9289
6724
2192
2318
3026
4060
3445
6837
2755
1041
2043
8828
3070
9129
7529
6547
9086
3486
7164
8161
6828
2491
2920
1728
3270
9319
7006
1501
9908
4247
2584
1169
9871
2361
5130
1501
7295
8707
6064
8713
7922
7690
2692
8925
8030
6995
1186
6040
6396
6336
9427
5347
7606
9384
1284
7213
2372
8320
261
7307
24
3867
3660
1413
3702
5080
2911
8778
546
2326
5978
2340
9406
9983
3896
1304
2775
4413
82
5130
82
5481
7437
769
9371
8370
3286
2897
4223
6738
8649
8439
2150
5319
8880
9258
5875
9837
737
6971
7411
6922
6508
5080
6113
8584
9090
5560
7783
2786
3177
4213
4484
9832
1946
7265
8638
1864
7953
2046
1956
9165
1207
9698
5720
9736
6107
6099
1814
1180
4226
8294
2014
7012
5757
6176
8591
1433
4269
7164
2517
226
5722
2541
7672
9985
9083
9848
7256
3299
4433
9697
3642
9705
1205
1110
1394
8657
6056
2013
9682
7152
9681
6562
5939
9833
6709
9879
6761
752
5124
4181
2333
1716
1317
4682
5254
6006
5490
1709
942
963
9536
5823
349
7897
5961
3204
8166
4990
1644
1792
9968
6315
6841
9470
9428
6525
7212
6653
6383
5935
797
333
905
9009
1842
2720
5686
5146
1679
3644
5181
949
3037
8097
5495
8717
8705
1636
8180
8404
1282
4860
9050
8619
3
6788
725
2108
6790
2539
4121
801
6782
8452
4844
187
8234
1243
7299
6756
5783
721
228
5869
8543
3789
1331
1191
2250
4479
4452
1982
7676
7666
5173
991
338
1834
2413
3181
2356
1669
8976
7274
9880
4422
8332
1718
5026
4442
2222
4241
8596
7980
942
2331
6554
8253
1666
5899
1598
5343
2020
9466
211
4781
4813
7144
8526
2648
3966
8314
4330
6342
5408
11
3818
4857
533
5816
7364
6633
6798
9271
794
4130
1359
6564
157
7813
5151
2268
8904
557
9046
1601
4906
5155
9095
9226
5736
2643
4789
317
7494
6034
3225
5227
2363
8496
6716
2823
7701
5321
4892
5418
3631
9300
6168
1480
8989
7791
9646
1098
4525
3224
2507
7129
7742
122
5277
636
2212
9871
1244
2488
526
7938
4241
4082
9380
1370
5898
571
754
5085
3699
4135
8703
5130
3180
2256
444
9213
7655
8261
9010
3247
3919
611
1595
8786
3201
1977
7741
2746
9301
4662
8614
5331
5395
6335
451
4806
5100
7964
9505
5174
4562
3433
2321
6275
8467
2038
1010
7535
7969
2940
589
7221
1712
4120
6022
5177
8980
929
3101
8148
6285
2738
2551
7405
1962
85
2163
3582
9030
8481
9712
8285
5227
567
9181
4896
9493
916
7082
8951
4584
8822
7011
4831
3852
3335
7360
1861
9789
9223
624
303
1654
8382
4283
7174
246
6132
2462
1370
2378
5260
723
6767
9484
9646
3224
2177
9873
2405
3886
3862
1864
685
1330
3749
768
5034
1197
1856
2583
2164
891
775
1404
2297
8966
9227
6843
5962
7334
2500
8479
2337
6347
1841
6463
9164
3023
7152
591
1775
3779
5615
2475
7621
5813
9021
1696
4744
3024
4401
9442
5863
2019
320
2492
1105
4279
9409
2075
1075
2371
2626
7740
921
1575
8063
2725
8374
1224
7744
4948
8255
1537
6801
2155
4338
9150
3543
9610
1091
6153
3676
801
3399
4522
1961
4061
9492
5080
7741
1430
6165
8639
9771
6521
9386
3909
1682
1346
7930
6891
7525
1848
4185
8490
594
2781
873
5937
7966
5735
7490
4899
9864
9570
8392
7289
6743
3416
3848
852
8831
3017
5360
2467
3462
3186
4175
3066
3649
841
4768
6565
1748
8800
2273
9596
3410
5425
1517
4927
1261
7825
5242
5943
7545
989
7316
553
5596
1417
2030
8045
8299
9566
7646
2914
1766
779
6105
4958
8266
1277
5256
7363
1754
9630
236
4720
3997
3773
2872
2400
674
4339
4363
5144
7390
9197
2452
6345
8292
5885
2304
4201
9286
6818
9243
6398
7784
1116
5532
3733
3924
6379
8527
977
6646
9930
182
1229
2282
6428
1122
2984
3280
6333
3859
8453
7515
9744
9899
5609
5189
6682
902
8607
3576
583
1799
6695
6920
428
9701
2756
4501
9626
8162
3651
7980
3160
5885
2281
5067
3623
7010
1551
7553
1064
93
3716
380
8955
8825
3445
7682
1580
7653
8690
2467
7442
497
9280
6741
3582
1091
129
2840
7413
3744
8302
4121
3525
3572
2005
6072
7223
3070
7686
9803
1201
7277
4803
7668
4891
2682
3698
4790
6735
3808
2552
3026
9556
4235
6143
1549
9477
5436
3028
8679
583
9526
5223
7191
9584
8453
8815
9174
8850
7012
360
3707
5175
2784
2519
9075
4857
5557
7008
8916
974
907
4221
8313
8878
3073
1121
6608
9574
509
9427
9859
4201
3220
238
9248
4216
1134
583
7989
2205
1736
2404
9688
4389
5732
1263
5511
2917
1808
8773
1287
1883
3126
12
7964
6345
4450
5444
128
7185
1674
3643
5433
736
9300
2762
8319
7929
8126
5499
6741
1558
3227
2317
8917
2907
1805
9571
2318
4595
5206
9688
3889
1444
2059
7454
6457
3179
1262
1562
49
9850
5290
2860
4758
3211
7448
5332
5459
9806
6808
4580
338
2968
8278
2253
7924
3983
514
3062
1886
6365
2237
6793
5487
9417
7145
24
8888
1261
3205
6849
231
5980
165
4181
8135
9785
2889
4987
9081
7522
8213
9909
741
8445
6587
8263
2699
3586
7322
1982
1014
6834
6329
5518
451
8535
1665
6691
8432
3535
1478
5560
2105
5188
5477
5316
1080
1167
1405
7813
1391
5378
2251
4095
5856
5443
6368
6105
4675
5675
3714
3627
2434
4372
9878
8328
5719
9360
8570
9739
8014
4558
3949
7080
4206
8999
1464
7784
889
6927
7335
5910
4247
8718
6287
623
5598
3545
5686
56
5151
7952
2588
6066
4786
4419
8208
8096
5675
3377
2614
5705
6920
6588
5132
4779
4552
7688
8476
3423
9150
6452
7735
1861
1905
9530
3493
3716
7502
938
7998
9059
7160
93
1562
1032
3758
8543
9743
5079
1569
5799
6306
4664
7799
4610
5072
1912
987
1757
729
2242
4589
5814
5852
3840
3973
3552
8544
1876
4300
3495
5132
46
9729
6571
5697
5789
714
6216
5824
620
5784
4358
7112
3288
2593
7578
7556
4832
5364
6933
2127
5446
7013
6898
6124
3064
7445
1774
6798
2972
8303
4304
6307
6188
8034
6017
8340
6769
9459
4446
5654
7382
9435
3798
3698
1111
5457
9080
1069
1024
2920
4667
759
863
3447
4704
5297
9017
495
7484
4576
754
1892
968
3444
6710
4459
7767
5328
4938
3878
872
7152
9175
9783
3605
2366
3884
328
2326
5423
4585
703
7734
4546
6684
6947
7727
9324
7239
2963
3440
2293
3453
1543
7354
5775
7968
5109
4892
9966
9111
2022
1214
4705
7133
2854
6307
6259
1825
728
3773
3835
2946
1269
446
1684
1622
3582
7891
7164
3788
189
4709
6530
5124
7404
21
7497
4570
6497
6636
2922
947
3260
1179
3301
1744
6089
2636
8843
1236
3140
3439
7424
3041
6263
9637
7662
9596
7973
3665
5488
182
1579
1639
7830
8207
5260
5984
1314
7139
9299
5944
2149
9152
5867
6329
1314
3419
1752
7490
7899
5660
9842
7167
7890
3669
2324
598
6154
3781
2926
2001
4222
38
7599
7319
1729
8625
8699
620
1319
1917
8740
2958
7439
7058
4047
9477
6220
1217
724
932
9582
8407
5219
6678
5006
7558
4327
4176
8102
5084
8846
911
758
3969
3293
6898
7222
8767
538
552
4927
7038
8943
2681
3249
5185
6152
2145
3298
6537
1538
9925
8236
7269
1235
25
9489
4985
3817
8235
6805
3810
9918
5135
2045
1788
6186
2052
628
7204
1772
3392
6619
7104
7230
4492
4025
2327
7352
2983
7550
4135
631
4843
4661
79
9085
9503
844
8590
8014
3788
1682
3795
3071
333
3482
6153
8607
1057
2654
2909
7030
2413
2314
3861
789
8347
6886
7261
3485
1937
4637
2101
2357
2116
3593
3173
7141
9368
6845
6013
6436
1775
3784
5021
8852
463
4989
168
5416
751
1193
15
9333
6958
6
1501
3190
7409
670
1013
4044
9983
9773
2158
785
7793
8097
2794
2574
5628
4991
2930
3900
2377
7420
7922
7319
3204
5484
4231
3939
9284
5069
7244
5056
2251
4548
5097
5990
3727
470
9429
6436
623
566
4576
5908
1749
4476
9389
7005
5120
5616
5603
4396
4869
8189
343
4973
7885
2223
2614
9861
3006
4111
6412
8395
2668
4640
8386
6617
4768
2376
6611
2271
3127
6158
5499
404
9303
285
9541
7047
8801
7731
6706
4905
2602
4828
5573
3785
9275
9482
9406
5749
9351
8158
3841
9162
8041
2472
5507
992
8478
6530
8262
9319
4255
7645
5520
8061
4616
5002
1780
9707
8584
7210
2636
5575
6345
693
1291
8995
5692
2710
3560
6324
5010
6571
877
3956
1616
764
2367
2921
4301
2110
4986
4862
2250
7053
6714
2693
328
8098
2730
8913
8853
6942
1174
7281
7061
6946
4021
1205
8490
9730
6978
6792
1172
8652
9549
6843
8792
7862
7388
1941
3104
2208
8171
32
4727
8175
6853
8218
4823
5048
9623
4617
6519
6518
8458
6881
9929
2268
2407
8052
7885
894
7660
4284
9821
9712
6966
3307
3570
8126
9971
5964
5797
2118
1147
1381
5607
6344
6915
4856
8364
9880
5358
614
4476
7687
8
4266
3848
6639
4765
3624
3314
2947
5809
2702
5492
607
5834
2688
3221
4417
123
8117
8254
8417
5776
2508
379
1054
435
5865
2978
3855
9053
2848
9565
7011
7873
4671
5965
5042
2179
5656
5737
1450
5927
8485
3411
6030
728
8124
3344
4383
2500
8875
1124
2803
4877
2462
8441
9848
8800
3751
8852
8662
9363
6653
2015
7696
287
4577
6474
3073
6075
1374
7951
8706
7577
2281
2292
5458
8765
3076
6521
9323
1867
3037
9902
354
8756
3842
5398
5677
1706
4436
1582
6506
2480
3342
5060
7900
885
312
5887
9536
5592
5069
9832
6073
2666
1898
2467
9503
6036
3556
9926
4815
5945
4884
5325
1863
3133
1659
1480
5543
8310
2541
3587
687
1838
4157
8023
1407
2414
1591
5142
2989
7440
9909
5936
7498
4146
1639
6706
377
4123
984
6205
9572
6374
1244
9791
3782
2848
140
807
3087
8887
1927
327
6899
2764
1611
8379
3488
9976
8156
6653
2264
4525
9593
9021
4224
7197
1644
5517
1278
197
1584
8173
4542
7955
6379
6119
6114
3135
3039
1756
3492
812
2695
1351
1300
7154
1677
7421
6143
6248
3360
9436
111
1567
9397
5575
6981
7700
8130
5070
1164
5615
9617
1190
223
1844
2195
3329
7124
2966
1119
3701
8245
8018
1029
6685
4385
5531
5174
9239
476
2055
5650
3222
6959
7335
2296
6778
3877
180
2425
5903
7927
6924
9447
4739
4084
5845
4515
7897
1223
312
822
7698
7586
4993
8559
4620
3217
3327
6796
2380
291
3400
1379
7685
7918
4339
1351
8972
5749
538
8347
7979
9062
2514
3307
4622
7219
4423
5387
9288
4453
8729
5379
267
4059
658
454
707
2443
9960
5282
2085
4303
1693
5300
2490
418
1311
1870
9261
4957
45
5013
2631
5766
6553
2467
6317
6188
522
9647
753
1703
8607
2836
5822
9862
3896
3753
400
3018
8523
8870
9557
5031
1255
5931
4429
5004
5210
2649
898
8480
7640
6409
2297
4192
6203
9677
8247
5194
3627
3424
5920
8795
8137
9772
4847
2202
6280
5675
8191
9086
55
9271
513
1111
8725
1050
8257
2682
2879
5999
8433
4380
8622
3325
4684
8381
2257
4447
4262
8437
2573
4801
5275
8830
903
4139
164
4035
202
3956
1210
3291
2203
6798
9542
8425
4387
9307
4962
6885
138
1569
3643
1326
604
6076
9073
2144
5094
9106
5566
1551
7143
4937
3788
9607
5695
4265
4965
3044
8855
6332
1388
9721
9928
9572
7987
6653
446
7681
4264
5006
7630
4965
6790
1357
1433
4067
184
3917
9368
6924
5431
4152
2161
9062
3056
1946
3279
1515
835
6767
7686
8648
1149
7592
5861
1002
3961
1864
894
7491
4951
1322
8450
6582
7530
4211
4013
8673
4759
2986
7335
9780
4665
8397
151
5014
7650
1266
6771
6343
1841
8219
6901
5144
6765
9967
1163
9711
7960
4620
6266
6681
7884
584
2401
6301
4521
8259
4554
9977
4516
1622
7308
2787
217
1900
3023
1071
8676
867
2602
2773
4776
7636
1446
7098
7311
3807
4296
4290
8599
7071
4779
7502
712
5488
1943
2056
9250
3249
5361
4872
7242
4501
1244
4296
1029
6896
5885
9745
3525
9356
802
9897
5493
7312
9606
4400
3782
1059
9195
5052
3962
5322
337
8092
1121
3578
5847
1525
2409
2804
9697
6014
6899
1751
9524
5615
8672
3225
2640
1677
4939
9104
2749
5434
1940
3812
3130
6140
3175
7060
7151
6484
8088
6937
5783
5531
354
2186
9643
6781
6731
3721
7108
6886
1347
378
146
1886
2722
768
4040
9950
801
4768
5433
7852
3581
23
5313
533
4987
741
5080
1881
9949
2248
4123
1970
2163
8917
4549
4074
718
2120
5954
928
3771
1652
9688
4672
9878
4961
9179
1536
5664
9403
1160
1310
7993
9767
6810
9244
9237
6246
7524
4405
9460
6364
9002
8278
8016
5913
3749
9671
8009
4169
1248
6216
4867
8070
2241
5047
3418
1942
9156
3568
6323
5558
4507
8354
5777
7228
5961
690
7664
7531
7550
3998
3425
180
6316
5745
8616
7776
9662
5495
3028
8835
3569
679
8598
7213
1424
8223
4356
7576
1540
317
1109
7044
6833
9428
4353
7579
6858
8562
1140
1449
6813
7406
2056
5180
1388
3033
3108
9245
3299
1938
9473
1033
4816
4985
2979
3167
1656
2344
9204
9482
8652
9720
6248
3438
9411
1087
2036
7682
6079
1899
9755
9476
9837
6179
7072
7134
4810
9519
1028
1130
5101
746
7975
4903
140
4901
3537
2517
9548
5187
225
2140
5928
1330
6725
5822
6135
3554
4629
8930
142
8121
2425
7429
8449
6302
1737
7312
3252
6648
4839
8491
7250
971
538
2998
3616
7672
4869
9489
9704
3116
436
625
7201
1712
2283
7736
7991
2881
5418
3400
1251
4440
1912
7626
6229
2991
164
5221
3901
7581
8272
7942
7707
4937
7404
2557
4595
28
2283
788
5927
9691
7034
3354
1197
1827
3964
875
381
149
1376
6971
9507
6405
1943
9414
7651
7015
3310
387
4886
2751
6190
7475
228
523
607
6057
940
519
8984
3541
7652
1977
3959
2769
6899
726
3209
9944
7459
3598
2162
8406
7702
147
5965
2543
3671
9070
8109
2507
6023
4256
8299
1949
9159
3380
2562
4404
8918
4999
6098
8696
7568
6005
3268
1221
497
4745
8146
4613
7626
7737
8831
9157
9552
6979
2804
5469
1566
8218
2169
3433
1467
2272
1643
6203
5262
3753
8324
7145
3224
9131
1249
1568
6981
2039
3677
6530
1383
8979
864
7662
8434
4733
8412
9871
2188
8854
4038
9814
9958
5586
9169
5334
4955
9659
6260
8257
7050
8240
8076
6262
7250
2705
8300
3074
7483
8991
1532
1057
1143
9784
9030
9980
2607
1805
9834
6482
5946
2091
2436
766
8542
837
3759
2630
2855
8690
5913
5217
6382
2518
1792
8714
6700
818
9645
6065
3065
6885
3989
1130
4587
9410
7631
4549
1591
2220
8693
1951
2717
3266
8579
7782
9563
418
5242
216
5490
9399
7527
1017
4300
2431
1403
6232
1578
8597
8041
6066
6260
7699
2217
8190
9352
4382
2601
6944
2410
6854
4553
1099
3024
7942
4035
5333
776
2006
739
8755
4569
9064
6162
6645
3104
8439
2237
7954
4090
5754
6077
5032
8919
8417
9756
5829
9099
9617
2720
5319
4469
9553
9430
8765
5397
3191
5286
7896
9420
229
4116
6952
7071
8975
2165
1825
4810
7999
2088
5238
2329
7845
1957
7590
6205
7623
3153
1860
3192
8787
9411
2834
9316
3925
6675
3146
4310
7353
3714
733
3444
2245
8964
3031
7447
8607
9957
4443
2526
5101
1624
9446
1530
6480
1524
2772
6062
7165
9535
8413
6565
5459
1194
9778
6652
1595
8755
2715
3706
3256
2427
7586
1030
4304
6015
5172
9392
6495
6975
9550
220
1695
6822
2561
143
5373
8985
8215
3952
7504
5532
9650
5895
9846
2519
501
9820
7813
1009
4515
2648
7652
6947
8507
2907
9792
7721
3193
965
6925
2300
1310
8325
7965
8121
3345
7177
2594
8927
1093
8217
4985
9503
1242
8694
9230
1383
2609
6661
5502
3167
9026
5115
6793
6559
3221
718
9627
8674
775
1508
1126
9696
7913
3957
7497
1270
5994
3667
7907
2982
9398
6726
9034
5932
7827
4621
8363
1529
966
9897
4703
2455
3741
2605
7204
1621
4347
640
7711
8941
6609
8380
6389
8868
88
1791
6611
9744
1313
5916
2782
37
4734
2627
7526
4118
476
6563
582
2664
5493
6569
5443
4103
9052
3507
2871
5284
3602
3824
5431
7500
9100
9170
6049
8301
3899
1207
3105
3893
8149
9532
6887
3723
9267
6348
9505
3849
9551
1694
2068
5579
4545
112
5306
9703
2895
4864
9727
7377
8787
9863
1999
6418
7228
1474
4100
6364
1601
265
1433
2448
4780
3982
8530
2736
6596
5020
4919
9257
7481
9979
8736
2156
1167
4328
1313
8813
3459
2956
6161
7875
8839
7313
191
1470
4248
9467
5219
9622
8657
5639
1179
6127
8490
358
3657
717
9197
8567
7461
8483
3689
5991
5303
7987
4124
520
7080
3428
3799
4884
6070
6632
6571
8307
4779
3051
2043
7898
7919
2584
4301
3055
5657
8092
85
4454
288
4440
5276
5707
732
8692
9471
4681
6356
4491
4037
5116
7817
9519
1743
2161
8685
8181
9581
3666
4466
9286
7687
1230
9375
4929
8516
8690
5021
249
1100
1115
6860
3310
5361
2595
4146
8824
7728
8590
9283
3311
8527
2183
5400
2528
5529
2923
1489
1463
6982
8279
8480
4996
1831
4660
1354
1362
7941
5319
1027
8691
289
6736
2223
284
2891
6740
2335
2098
143
2181
5761
9147
9694
897
1460
7572
9154
2123
6303
8644
3379
4807
2599
3412
6963
4924
7367
6472
2027
2476
5189
159
2963
152
6078
6825
6648
5421
6721
175
3488
8733
6522
3082
3045
1062
2504
1221
5362
6524
5254
700
6940
9193
7594
4820
6121
3612
1536
2102
1069
555
1885
1687
7821
9481
6045
7148
4539
3576
2085
8162
7774
6467
1963
2289
4107
5268
2583
8097
667
8323
4208
7967
4418
4663
9196
1114
8881
623
9423
8253
9849
1035
6629
507
8906
7172
8891
1644
6491
2984
2533
1142
9102
7157
4355
4518
3854
7143
5997
6123
9799
2214
9146
8686
1133
1928
8956
5513
3790
4294
8283
2388
8132
161
3716
4002
9997
7779
3928
8278
5085
2288
1276
1238
2096
2857
2851
976
1886
9796
6457
1355
1245
3178
8881
6912
1424
2912
9073
52
4952
3523
7446
1219
4699
7549
3873
5602
9686
196
6484
560
935
4948
8134
3475
5815
9056
6728
2096
3990
3265
3229
4495
8807
762
7155
7662
4744
9527
1745
6035
6871
7560
3974
1761
2206
8385
3333
4262
1258
1668
5956
7567
2709
5533
9155
2894
7729
7723
8694
8414
1049
913
5331
7429
197
8083
4039
6285
2987
531
6178
9629
7934
6780
1860
9669
5162
7715
6646
1803
7280
4468
7751
1749
2170
9052
4600
6613
8963
7826
172
1228
1733
2922
3900
4527
2028
4416
2673
7260
6854
604
8240
585
6919
9240
6218
8908
4046
7008
5106
7198
1001
5204
8231
4672
4190
4565
10
5262
6219
4713
4389
1227
9564
8490
7813
9331
6098
6716
6887
2350
5969
1778
6215
5186
2254
6940
2645
2596
7904
9751
649
2322
6679
6182
7367
6647
2563
3861
8891
5450
5061
6378
3042
1575
6255
3875
59
7155
6186
6565
8697
9800
1433
7458
7030
6219
6606
4166
5512
7330
7231
2772
7785
9847
9036
2168
9140
9550
5561
7237
9367
5802
5406
2598
1541
8094
9731
4564
7575
394
8614
5246
6349
1523
653
3276
6577
8061
9143
7700
727
4324
701
5023
8159
1018
8335
5445
3432
5910
3389
4601
8577
6386
4342
3533
843
6956
9249
3478
5728
8286
4574
9666
9691
7257
4530
7395
8291
1799
5785
1914
1973
2870
6150
9389
8321
5133
9543
2978
1613
4715
8265
3837
9570
3070
571
8929
8618
8790
2653
4350
6580
4171
2740
411
7327
6455
7605
8864
3111
1646
4882
189
1954
8459
5442
1227
6549
9464
4971
871
2535
1011
5993
7124
6252
6667
3169
2100
6667
8327
4593
9915
1611
270
2960
9800
5213
5745
7557
2114
9338
6366
7686
6231
9566
9920
4424
5309
4152
7512
7505
8935
369
8924
5466
5713
5127
3759
2375
5545
6886
782
98
1296
534
8333
1271
8515
8674
3058
4465
9139
1339
2294
6950
9608
4653
9990
6317
2312
5011
6677
844
4935
5303
5809
5811
1804
6688
7958
1412
779
3392
1077
9599
5200
4538
6445
695
5265
6791
4185
9135
2480
8011
4478
2936
8887
2076
5407
6907
3477
925
6033
687
4633
7712
9041
9377
6530
1731
4517
4959
8572
541
2573
7777
2929
508
2628
7229
2780
7066
7803
660
1057
3308
4909
2018
1987
793
9653
8691
3292
9942
9493
358
7920
2483
2958
696
9062
9482
2039
3949
9912
2158
9875
8290
6663
4457
7145
7172
6193
4193
4951
6457
6643
1312
29
2050
7098
5140
7523
6500
6094
9250
1251
3896
2591
8029
6867
437
5476
9685
3447
3326
6011
3686
1067
8142
2698
4561
7528
447
9807
9529
1846
2318
226
5332
3773
1704
7925
7308
5910
2341
4774
261
1563
914
2278
4797
2032
1282
5865
4651
2856
9833
381
1997
7057
481
1320
6858
8080
7447
7753
7009
7221
9152
4396
5189
136
2032
3221
9475
9514
8429
5047
2981
1864
7288
9490
6810
4043
7936
9580
9539
7686
999
1846
1280
3130
5787
8399
6690
